0 1 0
2 2 0
44 3 0
44 4 0
44 5 0
44 6 0
44 7 0
44 8 0
44 9 0
44 10 0
44 11 0
44 12 0
44 13 0
45 13 1
47 12 1
48 13 2
49 12 1
50 11 1
52 11 1
53 10 1
54 12 2
55 10 1
55 13 2
56 9 1
58 9 1
58 11 1
58 12 2
60 13 3
61 10 1
62 11 2
64 9 1
65 10 2
67 11 2
67 12 2
69 12 3
70 9 1
70 10 2
73 13 3
74 9 2
76 11 2
77 11 2
78 12 3
79 9 2
79 10 2
79 8 0
83 11 2
85 13 4
85 11 2
85 12 3
88 9 2
88 10 2
89 11 2
93 13 4
94 9 3
95 11 2
98 12 4
98 10 2
99 11 2
104 11 2
105 11 2
107 9 3
107 10 2
107 12 4
111 11 2
113 11 2
113 13 4
115 10 3
116 7 0
117 11 2
118 12 3
122 11 2
123 11 2
125 9 4
125 10 3
125 12 3
128 9 4
128 5 0
129 11 2
131 11 2
134 12 4
134 13 4
135 11 2
137 4 0
140 11 2
141 11 2
143 10 3
143 6 0
146 12 4
146 12 4
147 11 2
149 9 4
149 11 2
153 11 2
155 13 4
157 12 3
158 11 2
159 11 2
161 10 3
164 12 3
165 11 2
166 12 3
167 11 2
170 9 4
171 11 2
173 10 4
175 12 3
175 13 4
176 11 2
176 11 2
178 11 2
180 11 2
181 10 4
182 11 2
185 11 2
186 11 2
190 11 2
191 9 4
193 11 2
195 13 4
201 10 4
211 9 4
215 13 4
221 10 4
229 13 4
231 9 4
241 10 4
251 9 4
261 10 4
265 10 4
271 9 4
291 9 4
292 9 4
292 3 0